% time-domain voltage integration by openEMS v0.37.0-rc1-2-g7b051bb @Sat Aug  1 15:34:28 2026
% start-coordinates: (0.054873,0,0) m -> [120,83,32]
% stop-coordinates: (0.054873,0,0.015) m -> [120,83,42]
% t/s	voltage
0	-0
1.28889852436e-10	-2.6596137559e-07
2.57779704871e-10	1.57825441605e-07
3.86669557307e-10	6.77291410511e-07
5.15559409742e-10	9.88608576336e-07
6.44449262178e-10	8.38600030306e-07
7.73339114613e-10	1.47163561337e-07
9.02228967049e-10	-8.74279479035e-07
1.03111881948e-09	-1.74825939325e-06
1.16000867192e-09	-1.91764365809e-06
1.28889852436e-09	-1.04189976469e-06
1.41778837679e-09	7.31762668238e-07
1.54667822923e-09	2.72622816055e-06
1.67556808166e-09	3.84289808153e-06
1.8044579341e-09	3.12684545634e-06
1.93334778653e-09	3.90537095996e-07
2.06223763897e-09	-3.45189698692e-06
2.1911274914e-09	-6.55317580822e-06
2.32001734384e-09	-6.91049524448e-06
2.44890719628e-09	-3.45923831446e-06
2.57779704871e-09	3.01647074252e-06
2.70668690115e-09	9.76126170826e-06
2.83557675358e-09	1.30379207803e-05
2.96446660602e-09	9.97144206849e-06
3.09335645845e-09	4.22328810146e-07
3.22224631089e-09	-1.21232635593e-05
3.35113616332e-09	-2.14841279558e-05
3.48002601576e-09	-2.15208078771e-05
3.6089158682e-09	-9.61146224654e-06
3.73780572063e-09	1.08939453867e-05
3.86669557307e-09	3.09247598125e-05
3.9955854255e-09	3.9237567762e-05
4.12447527794e-09	2.81307711703e-05
4.25336513037e-09	-1.31513337465e-06
4.38225498281e-09	-3.75723684556e-05
4.51114483525e-09	-6.24185922788e-05
4.64003468768e-09	-5.93648010181e-05
4.76892454012e-09	-2.32198276535e-05
4.89781439255e-09	3.42745470334e-05
5.02670424499e-09	8.6849762738e-05
5.15559409742e-09	0.0001047247315
5.28448394986e-09	7.01504668541e-05
5.41337380229e-09	-1.00914850805e-05
5.54226365473e-09	-0.000102841397165
5.67115350717e-09	-0.000160781975865
5.8000433596e-09	-0.000145124140545
5.92893321204e-09	-4.85433483846e-05
6.05782306447e-09	9.41611524468e-05
6.18671291691e-09	0.000216109914618
6.31560276934e-09	0.000247905129072
6.44449262178e-09	0.000154561683303
6.57338247421e-09	-3.88209077755e-05
6.70227232665e-09	-0.000248818760156
6.83116217909e-09	-0.000367245680536
6.96005203152e-09	-0.000314394048473
7.08894188396e-09	-8.68809529493e-05
7.21783173639e-09	0.000226696502068
7.34672158883e-09	0.000476528664876
7.47561144126e-09	0.000520462592249
7.6045012937e-09	0.000300664149108
7.73339114613e-09	-0.000111624059173
7.86228099857e-09	-0.000532455909706
7.99117085101e-09	-0.000743957352825
8.12006070344e-09	-0.000603580760071
8.24895055588e-09	-0.000130593256472
8.37784040831e-09	0.000479549322336
8.50673026075e-09	0.000931376212975
8.63562011318e-09	0.000969198561506
8.76450996562e-09	0.000515981504577
8.89339981805e-09	-0.000261919663899
9.02228967049e-09	-0.00100832369935
9.15117952293e-09	-0.0013368462387
9.28006937536e-09	-0.00102690586937
9.4089592278e-09	-0.000158366048709
9.53784908023e-09	0.000893036849448
9.66673893267e-09	0.00161392902373
9.7956287851e-09	0.00160108183627
9.92451863754e-09	0.000780486734584
1.005340849e-08	-0.000518895882124
1.01822983424e-08	-0.00169055582955
1.03111881948e-08	-0.00213124329457
1.04400780473e-08	-0.00154837919399
1.05689678997e-08	-0.000138661147503
1.06978577522e-08	0.00146616573329
1.08267476046e-08	0.00248007202754
1.0955637457e-08	0.00234670657665
1.10845273095e-08	0.00103940285044
1.12134171619e-08	-0.000882680571522
1.13423070143e-08	-0.00251037819544
1.14711968668e-08	-0.00301494705491
1.16000867192e-08	-0.00206922419602
1.17289765716e-08	-4.5580080041e-05
1.18578664241e-08	0.00212450689287
1.19867562765e-08	0.00338028854458
1.21156461289e-08	0.00305227615172
1.22445359814e-08	0.00121696939459
1.23734258338e-08	-0.00130157242529
1.25023156863e-08	-0.00330267113168
1.26312055387e-08	-0.0037852828973
1.27600953911e-08	-0.00245118374005
1.28889852436e-08	0.000119217364272
1.3017875096e-08	0.00271926255664
1.31467649484e-08	0.00408722186694
1.32756548009e-08	0.00352370348992
1.34045446533e-08	0.00125063725864
1.35334345057e-08	-0.00167328235693
1.36623243582e-08	-0.00385033374187
1.37912142106e-08	-0.00421853666194
1.3920104063e-08	-0.00257452554069
1.40489939155e-08	0.000315334829793
1.41778837679e-08	0.00307590281591
1.43067736203e-08	0.00438458868302
1.44356634728e-08	0.00361164886272
1.45645533252e-08	0.00112628916395
1.46934431777e-08	-0.00188171523041
1.48223330301e-08	-0.00397773511941
1.49512228825e-08	-0.00417379470309
1.5080112735e-08	-0.00239908171352
1.52090025874e-08	0.000476929992146
1.53378924398e-08	0.00307459186297
1.54667822923e-08	0.00417264807038
1.55956721447e-08	0.00328800873831
1.57245619971e-08	0.000888868278707
1.58534518496e-08	-0.00185299367877
1.5982341702e-08	-0.00363949901657
1.61112315544e-08	-0.00366629386554
1.62401214069e-08	-0.00198676105356
1.63690112593e-08	0.000545437200344
1.64979011118e-08	0.00271200301358
1.66267909642e-08	0.00352044490865
1.67556808166e-08	0.00266112631653
1.68845706691e-08	0.00061941488093
1.70134605215e-08	-0.00159347668523
1.71423503739e-08	-0.00294337992091
1.72712402264e-08	-0.00285859865835
1.74001300788e-08	-0.00146904663416
1.75290199312e-08	0.000498937326483
1.76579097837e-08	0.00210062839324
1.77867996361e-08	0.00262742827181
1.79156894885e-08	0.00191875299788
1.8044579341e-08	0.000395037743147
1.81734691934e-08	-0.00118243735051
1.83023590459e-08	-0.00209097383777
1.84312488983e-08	-0.001976282947
1.85601387507e-08	-0.000982962577837
1.86890286032e-08	0.000357530385372
1.88179184556e-08	0.00140702744829
1.8946808308e-08	0.00172280072002
1.90756981605e-08	0.00123950112902
1.92045880129e-08	0.000258995416516
1.93334778653e-08	-0.000726763959392
1.94623677178e-08	-0.00127979603712
1.95912575702e-08	-0.00120718791732
1.97201474226e-08	-0.000617817662715
1.98490372751e-08	0.000164649340149
1.99779271275e-08	0.000774315747549
2.01068169799e-08	0.000971185756498
2.02357068324e-08	0.000729129387764
2.03645966848e-08	0.000215504258449
2.04934865373e-08	-0.000311881987727
2.06223763897e-08	-0.000631001283182
2.07512662421e-08	-0.000644638945232
2.08801560946e-08	-0.000399156931962
2.1009045947e-08	-3.78537552024e-05
2.11379357994e-08	0.000277518338407
2.12668256519e-08	0.000436004222138
2.13957155043e-08	0.000409549487813
2.15246053567e-08	0.000243497372139
2.16534952092e-08	2.09482386708e-05
2.17823850616e-08	-0.000176178575202
2.1911274914e-08	-0.000292395197903
2.20401647665e-08	-0.000305797075271
2.21690546189e-08	-0.00022329451167
2.22979444714e-08	-7.29564198991e-05
2.24268343238e-08	0.000101793288195
2.25557241762e-08	0.000248004322202
2.26846140287e-08	0.000313987983191
2.28135038811e-08	0.000266692066361
2.29423937335e-08	0.000110136636067
2.3071283586e-08	-0.000106084991785
2.32001734384e-08	-0.000297985148791
2.33290632908e-08	-0.000378811324481
2.34579531433e-08	-0.000299636674754
2.35868429957e-08	-7.92038772488e-05
2.37157328481e-08	0.000195059479665
2.38446227006e-08	0.000400462172593
2.3973512553e-08	0.000434752439105
2.41024024055e-08	0.000268339897957
2.42312922579e-08	-3.42068751706e-05
2.43601821103e-08	-0.000337646011758
2.44890719628e-08	-0.000496878240483
2.46179618152e-08	-0.000427514718467
2.47468516676e-08	-0.000151318605276
2.48757415201e-08	0.000208211314202
2.50046313725e-08	0.000481078993516
2.51335212249e-08	0.000532100355485
2.52624110774e-08	0.000328927776536
2.53913009298e-08	-3.79075845558e-05
2.55201907822e-08	-0.000395060609549
2.56490806347e-08	-0.000568935088268
2.57779704871e-08	-0.000471104643111
2.59068603396e-08	-0.000144056065892
2.6035750192e-08	0.000256735055473
2.61646400444e-08	0.000537097017286
2.62935298969e-08	0.000559139674579
2.64224197493e-08	0.000310012893806
2.65513096017e-08	-9.02661946611e-05
2.66801994542e-08	-0.000446738598015
2.68090893066e-08	-0.000585164720292
2.6937979159e-08	-0.00043814289802
2.70668690115e-08	-7.86380908266e-05
2.71957588639e-08	0.000316064425107
2.73246487163e-08	0.000552226649091
2.74535385688e-08	0.000515587300754
2.75824284212e-08	0.000227431485769
2.77113182736e-08	-0.000167084865922
2.78402081261e-08	-0.000472197548543
2.79690979785e-08	-0.00053932401849
2.8097987831e-08	-0.000340185866293
2.82268776834e-08	2.11074064964e-05
2.83557675358e-08	0.000362254596922
2.84846573883e-08	0.000515130902791
2.86135472407e-08	0.000409307715685
2.87424370931e-08	0.000105297045109
2.88713269456e-08	-0.00024067568658
2.9000216798e-08	-0.000454875259814
2.91291066504e-08	-0.000435418078219
2.92579965029e-08	-0.000200622616829
2.93868863553e-08	0.000124089378915
2.95157762077e-08	0.000372922328097
2.96446660602e-08	0.000424609541369
2.97735559126e-08	0.000261871507973
2.99024457651e-08	-2.39388450609e-05
3.00313356175e-08	-0.000283445118839
3.01602254699e-08	-0.000387365711504
3.02891153224e-08	-0.00029108273884
3.04180051748e-08	-5.34757614332e-05
3.05468950272e-08	0.000197802681214
3.06757848797e-08	0.000334692867909
3.08046747321e-08	0.000294089004456
3.09335645845e-08	0.000106777522888
3.1062454437e-08	-0.0001232479799
3.11913442894e-08	-0.00027606189542
3.13202341418e-08	-0.00027826463338
3.14491239943e-08	-0.000138119807161
3.15780138467e-08	6.33804525024e-05
3.17069036992e-08	0.000218657682126
3.18357935516e-08	0.000250801453149
3.1964683404e-08	0.000151523317982
3.20935732565e-08	-1.88494267376e-05
3.22224631089e-08	-0.00016712339675
3.23513529613e-08	-0.000217912216613
3.24802428138e-08	-0.000151792355609
3.26091326662e-08	-1.1719055692e-05
3.27380225186e-08	0.000123740559502
3.28669123711e-08	0.000184113610885
3.29958022235e-08	0.000143471543197
3.31246920759e-08	3.08943690471e-05
3.32535819284e-08	-8.88468875928e-05
3.33824717808e-08	-0.000152137903569
3.35113616332e-08	-0.000130110571263
3.36402514857e-08	-4.13322322856e-05
3.37691413381e-08	6.1722028022e-05
3.38980311906e-08	0.000123258454551
3.4026921043e-08	0.000114139353173
3.41558108954e-08	4.52839080936e-05
3.42847007479e-08	-4.14370183534e-05
3.44135906003e-08	-9.82085684881e-05
3.45424804527e-08	-9.74314316408e-05
3.46713703052e-08	-4.48111873083e-05
3.48002601576e-08	2.66472043223e-05
3.492915001e-08	7.68704330767e-05
3.50580398625e-08	8.09679550003e-05
3.51869297149e-08	4.12943063566e-05
3.53158195673e-08	-1.63710172955e-05
3.54447094198e-08	-5.90764389016e-05
3.55735992722e-08	-6.53325319035e-05
3.57024891247e-08	-3.56788173121e-05
3.58313789771e-08	9.8494912209e-06
3.59602688295e-08	4.4708054702e-05
3.6089158682e-08	5.11065049978e-05
3.62180485344e-08	2.88928868031e-05
3.63469383868e-08	-6.27486912203e-06
3.64758282393e-08	-3.34039475546e-05
3.66047180917e-08	-3.84848326575e-05
3.67336079441e-08	-2.15294940062e-05
3.68624977966e-08	5.06748386902e-06
3.6991387649e-08	2.50040457104e-05
3.71202775014e-08	2.78394084035e-05
3.72491673539e-08	1.42951337239e-05
3.73780572063e-08	-5.50568393005e-06
3.75069470588e-08	-1.90897787888e-05
3.76358369112e-08	-1.9251341655e-05
3.77647267636e-08	-7.70758998665e-06
3.78936166161e-08	6.94951683049e-06
3.80225064685e-08	1.52371479772e-05
3.81513963209e-08	1.27004329898e-05
3.82802861734e-08	2.15234760508e-06
3.84091760258e-08	-8.78392165755e-06
3.85380658782e-08	-1.29090694827e-05
3.86669557307e-08	-7.98855791113e-06
3.87958455831e-08	2.16988553352e-06
3.89247354355e-08	1.05333990633e-05
3.9053625288e-08	1.1566127796e-05
3.91825151404e-08	4.75200261012e-06
3.93114049929e-08	-5.27604987605e-06
3.94402948453e-08	-1.18935382715e-05
3.95691846977e-08	-1.07868376062e-05
3.96980745502e-08	-2.66726689797e-06
3.98269644026e-08	7.27735169908e-06
