% time-domain current integration by openEMS v0.37.0-rc1-2-g7b051bb @Sat Aug  1 15:34:28 2026
% start-coordinates: (0.05339,-0.00148305,0.006) m -> [119,82,36]
% stop-coordinates: (0.054873,0,0.006) m -> [120,83,36]
% t/s	current
1.43210947151e-12	0
1.30321961907e-10	-2.74287437207e-09
2.59211814343e-10	1.35438757431e-10
3.88101666778e-10	3.72736241872e-09
5.16991519214e-10	6.4787766263e-09
6.45881371649e-10	6.42410480367e-09
7.74771224085e-10	2.55960319606e-09
9.03661076521e-10	-4.21454382504e-09
1.03255092896e-09	-1.093541524e-08
1.16144078139e-09	-1.36393625283e-08
1.29033063383e-09	-9.32881327742e-09
1.41922048626e-09	1.87969528831e-09
1.5481103387e-09	1.54728159174e-08
1.67700019113e-09	2.45488980255e-08
1.80589004357e-09	2.25223502071e-08
1.93477989601e-09	6.90685464377e-09
2.06366974844e-09	-1.77143810731e-08
2.19255960088e-09	-4.01260642491e-08
2.32144945331e-09	-4.67698271223e-08
2.45033930575e-09	-2.89590769142e-08
2.57922915818e-09	1.07023883089e-08
2.70811901062e-09	5.63630635497e-08
2.83700886305e-09	8.3936789963e-08
2.96589871549e-09	7.23773965206e-08
3.09478856793e-09	1.67640585857e-08
3.22367842036e-09	-6.43135535938e-08
3.3525682728e-09	-1.32554035304e-07
3.48145812523e-09	-1.46046161831e-07
3.61034797767e-09	-8.20014491865e-08
3.7392378301e-09	4.51097932341e-08
3.86812768254e-09	1.81529003385e-07
3.99701753497e-09	2.53873366773e-07
4.12590738741e-09	2.05126198694e-07
4.25479723985e-09	3.07841325764e-08
4.38368709228e-09	-2.0500161213e-07
4.51257694472e-09	-3.87700481497e-07
4.64146679715e-09	-4.0355084252e-07
4.77035664959e-09	-2.02925690473e-07
4.89924650202e-09	1.56545112873e-07
5.02813635446e-09	5.16074806001e-07
5.15702620689e-09	6.79456661601e-07
5.28591605933e-09	5.12422730026e-07
5.41480591177e-09	3.06849905485e-08
5.5436957642e-09	-5.74819182475e-07
5.67258561664e-09	-1.00357203792e-06
5.80147546907e-09	-9.85664883046e-07
5.93036532151e-09	-4.35612463434e-07
6.05925517394e-09	4.62068840079e-07
6.18814502638e-09	1.29690113226e-06
6.31703487881e-09	1.60873742061e-06
6.44592473125e-09	1.12675036235e-06
6.57481458369e-09	-4.68709231427e-08
6.70370443612e-09	-1.41957229971e-06
6.83259428856e-09	-2.29890861192e-06
6.96148414099e-09	-2.12692953028e-06
7.09037399343e-09	-8.03892362455e-07
7.21926384586e-09	1.17570573366e-06
7.3481536983e-09	2.88192131848e-06
7.47704355073e-09	3.36931384481e-06
7.60593340317e-09	2.17714818973e-06
7.73482325561e-09	-3.45159435255e-07
7.86371310804e-09	-3.09079450744e-06
7.99260296048e-09	-4.65972289021e-06
8.12149281291e-09	-4.05184619012e-06
8.25038266535e-09	-1.2553077795e-06
8.37927251778e-09	2.5989736514e-06
8.50816237022e-09	5.66350399822e-06
8.63705222266e-09	6.2397716647e-06
8.76594207509e-09	3.68768587578e-06
8.89483192753e-09	-1.09541895199e-06
9.02372177996e-09	-5.93743334321e-06
9.1526116324e-09	-8.35589253256e-06
9.28150148483e-09	-6.8081039899e-06
9.41039133727e-09	-1.607244144e-06
9.5392811897e-09	5.01639260619e-06
9.66817104214e-09	9.84336747933e-06
9.79706089458e-09	1.02132335087e-05
9.92595074701e-09	5.45646253158e-06
1.00548405994e-08	-2.54750420936e-06
1.01837304519e-08	-1.00692013802e-05
1.03126203043e-08	-1.32531204144e-05
1.04415101568e-08	-1.00774432212e-05
1.05704000092e-08	-1.55995337536e-06
1.06992898616e-08	8.48277159093e-06
1.08281797141e-08	1.51306558109e-05
1.09570695665e-08	1.47661930896e-05
1.10859594189e-08	7.01640647094e-06
1.12148492714e-08	-4.80235212308e-06
1.13437391238e-08	-1.50818696056e-05
1.14726289762e-08	-1.85869193956e-05
1.16015188287e-08	-1.31199449243e-05
1.17304086811e-08	-8.28710994938e-07
1.18592985335e-08	1.25975384435e-05
1.1988188386e-08	2.05687574635e-05
1.21170782384e-08	1.8843475118e-05
1.22459680909e-08	7.7771846918e-06
1.23748579433e-08	-7.62030231272e-06
1.25037477957e-08	-1.995909588e-05
1.26326376482e-08	-2.30410460063e-05
1.27615275006e-08	-1.49907536979e-05
1.2890417353e-08	6.45054740289e-07
1.30193072055e-08	1.646014789e-05
1.31481970579e-08	2.47266398219e-05
1.32770869103e-08	2.12041832128e-05
1.34059767628e-08	7.32662556402e-06
1.35348666152e-08	-1.03678630694e-05
1.36637564676e-08	-2.33459140873e-05
1.37926463201e-08	-2.52354020631e-05
1.39215361725e-08	-1.49848056026e-05
1.40504260249e-08	2.55598456533e-06
1.41793158774e-08	1.89529109775e-05
1.43082057298e-08	2.62853482127e-05
1.44370955823e-08	2.10128273466e-05
1.45659854347e-08	5.70362226426e-06
1.46948752871e-08	-1.22279143397e-05
1.48237651396e-08	-2.41487105086e-05
1.4952654992e-08	-2.44066650339e-05
1.50815448444e-08	-1.30387306854e-05
1.52104346969e-08	4.32332808487e-06
1.53393245493e-08	1.92666630028e-05
1.54682144017e-08	2.47128664341e-05
1.55971042542e-08	1.83029551408e-05
1.57259941066e-08	3.41794657288e-06
1.5854883959e-08	-1.26043905766e-05
1.59837738115e-08	-2.21146001422e-05
1.61126636639e-08	-2.08336914511e-05
1.62415535164e-08	-9.78563548415e-06
1.63704433688e-08	5.39456141269e-06
1.64993332212e-08	1.73441549123e-05
1.66282230737e-08	2.05661872315e-05
1.67571129261e-08	1.39683106681e-05
1.68860027785e-08	1.17066394978e-06
1.7014892631e-08	-1.14587637654e-05
1.71437824834e-08	-1.79819508048e-05
1.72726723358e-08	-1.56906862685e-05
1.74015621883e-08	-6.2052240537e-06
1.75304520407e-08	5.55699170945e-06
1.76593418931e-08	1.39211806527e-05
1.77882317456e-08	1.51942067532e-05
1.7917121598e-08	9.28019380808e-06
1.80460114505e-08	-5.23980588696e-07
1.81749013029e-08	-9.33063893171e-06
1.83037911553e-08	-1.30885337057e-05
1.84326810078e-08	-1.04336650111e-05
1.85615708602e-08	-3.12594556817e-06
1.86904607126e-08	5.02772491018e-06
1.88193505651e-08	1.01343293863e-05
1.89482404175e-08	1.00579791251e-05
1.90771302699e-08	5.28088048668e-06
1.92060201224e-08	-1.5448083559e-06
1.93349099748e-08	-7.03236764821e-06
1.94637998272e-08	-8.72023883858e-06
1.95926896797e-08	-6.15217368249e-06
1.97215795321e-08	-9.17697548175e-07
1.98504693846e-08	4.2759174903e-06
1.9979359237e-08	6.9781244747e-06
2.01082490894e-08	6.12893700236e-06
2.02371389419e-08	2.43933936872e-06
2.03660287943e-08	-2.09541485674e-06
2.04949186467e-08	-5.24629285792e-06
2.06238084992e-08	-5.62338527743e-06
2.07526983516e-08	-3.26567669617e-06
2.0881588204e-08	4.89313833896e-07
2.10104780565e-08	3.73742432203e-06
2.11393679089e-08	4.95160384162e-06
2.12682577613e-08	3.67969778381e-06
2.13971476138e-08	6.87905128416e-07
2.15260374662e-08	-2.47910134021e-06
2.16549273186e-08	-4.27777013101e-06
2.17838171711e-08	-3.8998277887e-06
2.19127070235e-08	-1.62062019626e-06
2.2041596876e-08	1.38076427447e-06
2.21704867284e-08	3.62019318345e-06
2.22993765808e-08	4.02757177653e-06
2.24282664333e-08	2.44524017035e-06
2.25571562857e-08	-3.20243970009e-07
2.26860461381e-08	-2.90475372822e-06
2.28149359906e-08	-4.04958882427e-06
2.2943825843e-08	-3.20386857311e-06
2.30727156954e-08	-7.83055725151e-07
2.32016055479e-08	2.0353572836e-06
2.33304954003e-08	3.87946374758e-06
2.34593852527e-08	3.84343184123e-06
2.35882751052e-08	1.92684592548e-06
2.37171649576e-08	-9.5817597412e-07
2.38460548101e-08	-3.41906888934e-06
2.39749446625e-08	-4.25123471359e-06
2.41038345149e-08	-3.02436387756e-06
2.42327243674e-08	-3.02604291846e-07
2.43616142198e-08	2.61373838839e-06
2.44905040722e-08	4.3080613068e-06
2.46193939247e-08	3.93479012928e-06
2.47482837771e-08	1.64126140589e-06
2.48771736295e-08	-1.48689821344e-06
2.5006063482e-08	-3.93937853005e-06
2.51349533344e-08	-4.51155756309e-06
2.52638431868e-08	-2.89820945909e-06
2.53927330393e-08	1.43213227943e-07
2.55216228917e-08	3.14759108733e-06
2.56505127442e-08	4.64988079329e-06
2.57794025966e-08	3.90323884858e-06
2.5908292449e-08	1.25369501802e-06
2.60371823015e-08	-2.018509349e-06
2.61660721539e-08	-4.31921853306e-06
2.62949620063e-08	-4.521401479e-06
2.64238518588e-08	-2.52218842434e-06
2.65527417112e-08	7.01816475157e-07
2.66816315636e-08	3.57210137736e-06
2.68105214161e-08	4.68517919217e-06
2.69394112685e-08	3.50467644239e-06
2.70683011209e-08	6.24253345904e-07
2.71971909734e-08	-2.5296358217e-06
2.73260808258e-08	-4.40693247583e-06
2.74549706782e-08	-4.10137181461e-06
2.75838605307e-08	-1.79332971584e-06
2.77127503831e-08	1.35087748276e-06
2.78416402356e-08	3.76919729206e-06
2.7970530088e-08	4.28447583545e-06
2.80994199404e-08	2.6829543458e-06
2.82283097929e-08	-1.96451665602e-07
2.83571996453e-08	-2.89967238132e-06
2.84860894977e-08	-4.09455788031e-06
2.86149793502e-08	-3.23230460708e-06
2.87438692026e-08	-7.98951930392e-07
2.8872759055e-08	1.9415931547e-06
2.90016489075e-08	3.62090781891e-06
2.91305387599e-08	3.44119212059e-06
2.92594286123e-08	1.56062412771e-06
2.93883184648e-08	-1.01710020317e-06
2.95172083172e-08	-2.97646147374e-06
2.96460981697e-08	-3.36345419782e-06
2.97749880221e-08	-2.05293326871e-06
2.99038778745e-08	2.20727883971e-07
3.0032767727e-08	2.26991301133e-06
3.01616575794e-08	3.07455593429e-06
3.02905474318e-08	2.29118495554e-06
3.04194372843e-08	3.96798895963e-07
3.05483271367e-08	-1.59165165314e-06
3.06772169891e-08	-2.66152824224e-06
3.08061068416e-08	-2.32099796449e-06
3.0934996694e-08	-8.23817003948e-07
3.10638865464e-08	9.99693838821e-07
3.11927763989e-08	2.19954517888e-06
3.13216662513e-08	2.20047718358e-06
3.14505561038e-08	1.07679784378e-06
3.15794459562e-08	-5.23132484886e-07
3.17083358086e-08	-1.74581816736e-06
3.18372256611e-08	-1.98651741812e-06
3.19661155135e-08	-1.18721527542e-06
3.20950053659e-08	1.67599068845e-07
3.22238952184e-08	1.33750825171e-06
3.23527850708e-08	1.72843112978e-06
3.24816749232e-08	1.19292258205e-06
3.26105647757e-08	7.74120110236e-08
3.27394546281e-08	-9.93052253762e-07
3.28683444805e-08	-1.46219213093e-06
3.2997234333e-08	-1.1298766367e-06
3.31261241854e-08	-2.32015352708e-07
3.32550140379e-08	7.15424960163e-07
3.33839038903e-08	1.20965444239e-06
3.35127937427e-08	1.026239147e-06
3.36416835952e-08	3.17131963357e-07
3.37705734476e-08	-4.99130010212e-07
3.38994633e-08	-9.8110581348e-07
3.40283531525e-08	-9.01348585103e-07
3.41572430049e-08	-3.505381585e-07
3.42861328573e-08	3.36962443725e-07
3.44150227098e-08	7.82518327469e-07
3.45439125622e-08	7.70145902607e-07
3.46728024146e-08	3.48564782371e-07
3.48016922671e-08	-2.18362202986e-07
3.49305821195e-08	-6.1308946897e-07
3.50594719719e-08	-6.40503799332e-07
3.51883618244e-08	-3.22167466038e-07
3.53172516768e-08	1.35608857477e-07
3.54461415293e-08	4.71578317729e-07
3.55750313817e-08	5.17114472132e-07
3.57039212341e-08	2.78857299918e-07
3.58328110866e-08	-8.27251653845e-08
3.5961700939e-08	-3.57119375849e-07
3.60905907914e-08	-4.04648773156e-07
3.62194806439e-08	-2.26010755e-07
3.63483704963e-08	5.33364605815e-08
3.64772603487e-08	2.6690011623e-07
3.66061502012e-08	3.0470775414e-07
3.67350400536e-08	1.68358084807e-07
3.6863929906e-08	-4.28645066108e-08
3.69928197585e-08	-1.99709376147e-07
3.71217096109e-08	-2.20295873987e-07
3.72505994634e-08	-1.11527171498e-07
3.73794893158e-08	4.55975950331e-08
3.75083791682e-08	1.52265442921e-07
3.76372690207e-08	1.52107446638e-07
3.77661588731e-08	5.9655697271e-08
3.78950487255e-08	-5.64648772183e-08
3.8023938578e-08	-1.21240276485e-07
3.81528284304e-08	-1.00026454675e-07
3.82817182828e-08	-1.58393689276e-08
3.84106081353e-08	7.05753393504e-08
3.85394979877e-08	1.02396917612e-07
3.86683878401e-08	6.25250962116e-08
3.87972776926e-08	-1.82899384527e-08
3.8926167545e-08	-8.41366372129e-08
3.90550573975e-08	-9.14581264055e-08
3.91839472499e-08	-3.67430779136e-08
3.93128371023e-08	4.28306847766e-08
3.94417269548e-08	9.47082483549e-08
3.95706168072e-08	8.50783123951e-08
3.96995066596e-08	2.01320364823e-08
3.98283965121e-08	-5.86393227309e-08
